0
-1
-1
-1
-1
-1
-1
-1
-1
-1
-1
-1
-1
-1
-1
-1
-1
-1
-1
-1
-1
-1
-1
-1
-1
-1
-1
-1
-1
-1
-1
-1
-1
-1
-1
-1
-1
-1
-1
-1
-1
-1
-1
-1
-1
-1
-1
-1
-1
-1
-1
-1
-1
-1
-1
-1
-1
-1
-1
-1
-1
-1
-1
-1
-1
0
-1
-1
-1
-1
0
-1
-1
-1
-1
-1
-1
-1
-1
-1
-1
-1
-1
-1
-1
-1
-1
-1
-1
-1
-1
0
0
0
0
0
-1
-1
-1
-1
-1
-1
-1
-1
-1
-1
-1
-1
-1
-1
-1
-1
-1
-1
-1
-1
-1
-1
-1
-1
-1
-1
-1
-1
-1
-1
-1
0
0
-1
-1
-1
-1
-1
-1
-1
-1
-1
-1
-1
-1
-1
-1
-1
-1
-1
-1
-1
-1
-1
-1
0
0
0
0
0
-1
-1
-1
-1
-1
-1
-1
-1
-1
-1
-1
-1
-1
-1
-1
-1
-1
-1
-1
-1
-1
114
-1
-1
116
-1
-1
-1
-1
-1
0
-1
-1
-1
-1
-1
0
-1
-1
-1
-1
-1
-1
-1
-1
-1
-1
-1
-1
-1
-1
-1
-1
-1
-1
-1
-1
155
153
-1
-1
-1
-1
-1
-1
-1
-1
-1
-1
-1
-1
-1
-1
-1
-1
-1
-1
-1
-1
-1
215
215
-1
-1
1
-1
-1
-1
-1
-1
-1
-1
-1
0
-1
0
0
0
0
-1
-1
3
-1
-1
-1
-1
-1
-1
-1
-1
-1
-1
-1
120
133
133
133
133
122
-1
-1
-1
-1
-1
-1
0
-1
-1
13
-1
-1
-1
-1
-1
-1
-1
-1
-1
-1
-1
-1
-1
-1
-1
1
-1
-1
-1
-1
-1
-1
-1
0
0
-1
16
16
16
-1
-1
-1
-1
-1
-1
-1
-1
-1
-1
-1
-1
-1
-1
-1
-1
0
0
0
0
0
-1
-1
-1
-1
-1
-1
0
-1
-1
-1
-1
-1
-1
-1
-1
-1
-1
-1
-1
-1
-1
-1
-1
-1
-1
1
-1
-1
-1
-1
-1
0
11
0
0
0
0
0
-1
-1
-1
-1
-1
-1
-1
-1
-1
-1
-1
17
17
-1
-1
-1
-1
-1
-1
-1
-1
-1
-1
-1
-1
-1
-1
-1
0
-1
-1
-1
-1
-1
-1
-1
-1
202
203
203
204
-1
11
-1
-1
-1
1
1
-1
-1
-1
-1
0
-1
0
-1
-1
0
-1
-1
-1
-1
-1
-1
-1
-1
-1
17
17
-1
-1
-1
-1
-1
-1
-1
-1
-1
-1
-1
-1
-1
-1
-1
-1
-1
-1
-1
213
213
213
213
213
213
213
-1
-1
-1
-1
-1
-1
-1
-1
-1
-1
1
1
1
-1
55
-1
-1
-1
-1
-1
-1
0
-1
71
76
76
-1
-1
17
17
-1
-1
-1
-1
-1
-1
-1
-1
-1
-1
-1
-1
-1
-1
-1
-1
-1
58
0
-1
-1
-1
213
195
0
0
0
0
195
195
-1
-1
-1
-1
-1
-1
-1
-1
-1
1
1
1
62
73
54
-1
-1
-1
-1
-1
-1
-1
71
72
62
62
84
84
84
84
84
84
84
84
133
133
133
133
130
-1
-1
-1
-1
-1
-1
-1
63
76
76
65
-1
213
195
195
89
0
0
0
0
0
-1
-1
-1
-1
1
1
1
1
1
1
1
1
62
74
76
76
76
76
76
76
76
76
72
62
62
62
83
83
83
83
83
83
83
83
119
119
119
119
131
81
81
81
81
81
81
81
81
81
81
81
81
195
195
195
6
0
0
0
0
0
-1
-1
-1
1
1
1
1
1
1
1
1
1
62
62
62
62
62
62
62
62
62
62
62
62
62
62
83
83
83
83
83
83
83
83
119
119
119
119
119
80
80
80
80
80
80
80
80
80
80
80
80
195
195
195
195
195
195
195
195
195
-1
-1
1
1
1
1
1
1
1
1
1
1

