38
0
38
83
83
83
38
152
0
0
0
0
0
0
0
152
38
0
0
0
0
0
38
0
0
0
0
0
0
0
0
0
0
0
0
0
0
0
0
0
0
0
0
0
0
0
0
119
84
84
84
84
84
84
84
84
84
84
84
84
119
0
38
38
83
38
119
0
0
0
0
0
0
0
0
0
38
84
84
84
84
84
38
0
0
0
0
0
0
0
0
0
0
0
0
0
0
0
0
0
0
0
0
0
0
0
0
119
119
119
119
119
119
119
119
119
83
83
83
83
38
0
119
38
38
38
38
0
0
0
0
0
0
0
0
0
119
38
83
83
83
119
38
0
0
0
22
34
24
0
0
0
0
0
0
0
0
0
0
0
0
0
0
0
0
0
0
0
0
0
0
0
0
119
0
119
119
119
83
83
38
0
0
0
0
0
0
0
0
0
0
0
0
0
0
0
0
119
83
83
83
38
0
0
0
0
0
0
0
0
0
0
0
0
0
0
0
0
0
0
0
0
0
0
0
0
0
0
0
0
0
0
0
119
0
0
0
119
119
83
38
0
0
0
0
0
0
0
38
0
0
0
59
0
0
0
0
38
83
83
83
38
0
0
0
0
0
0
0
0
0
0
0
0
0
0
0
0
0
0
0
0
137
0
0
0
0
0
0
0
0
0
0
119
0
0
0
0
119
119
38
0
0
0
0
0
0
0
38
0
0
0
38
0
0
0
0
119
83
83
119
38
0
0
0
0
0
0
0
0
0
0
0
0
0
0
0
0
0
0
137
137
0
0
0
0
0
143
145
0
0
0
0
0
0
0
0
0
0
0
119
0
38
38
0
0
0
119
38
0
0
81
38
0
0
0
0
38
119
38
119
0
0
0
0
0
0
142
0
0
0
119
119
119
0
0
0
0
0
149
0
0
0
0
0
0
0
0
0
0
0
142
0
0
0
0
0
0
0
0
38
0
0
0
0
0
0
38
38
0
81
80
38
81
0
0
0
38
38
0
0
0
0
0
0
0
0
0
0
0
0
149
0
119
119
0
0
0
0
137
81
81
81
81
81
81
81
81
81
81
0
0
0
0
0
0
0
0
0
0
38
0
0
0
0
0
0
38
38
81
80
80
38
80
0
0
0
0
0
0
0
0
38
38
81
0
0
0
0
0
0
137
81
81
119
119
0
0
149
137
80
80
80
80
80
80
80
80
80
80
81
0
0
0
0
0
0
0
0
114
38
81
81
81
81
81
81
38
149
80
80
80
149
80
81
0
0
0
0
0
0
38
149
80
80
81
81
81
81
81
81
137
80
80
80
119
149
149
137
137
80
80
80
80
80
80
80
80
149
80
80
81
81
81
81
0
0
138
149
149
38
80
80
80
80
80
80
149
137
80
80
80
137
80
80
149
0
0
0
0
149
149
137
80
80
80
80
80
80
80
149
137
80
80
80
80
137
137
57
137
80
80
80
80
80
80
80
80
137
80
80
149
80
80
80
81
81
81
81
81
119
80
80
80
80
80
80
137
137
80
80
80
137
80
80
137
149
149
149
149
137
137
137
80
80
149
149
149
149
149
137
137
80
80
80
80
137
137
56
137
80
80
80
80
80
80
80
80
137
80
80
137
80
80
80
80
80
80
80
80
