171
0
0
0
0
116
0
153
0
116
0
0
0
0
0
0
0
0
0
0
0
0
0
0
0
0
0
0
0
0
0
0
0
0
0
0
0
0
0
0
0
0
0
0
0
0
0
0
0
0
0
0
0
0
0
0
0
0
114
0
171
0
0
0
0
157
169
169
169
159
0
0
0
0
0
0
0
0
0
0
0
0
0
0
0
0
0
0
0
0
0
0
0
0
0
0
0
0
0
0
0
0
0
0
0
0
0
0
0
0
0
0
0
0
0
0
156
169
169
158
171
0
0
0
0
0
0
0
0
0
0
0
0
0
0
0
157
169
159
0
0
0
0
0
0
0
0
0
0
0
0
0
0
0
0
0
0
0
0
0
0
0
0
0
0
0
0
0
0
0
0
0
0
0
0
0
0
0
0
0
171
0
0
0
0
0
0
0
0
0
0
0
0
0
0
0
0
0
0
0
0
0
0
0
0
0
0
0
0
0
161
162
163
0
0
0
0
0
0
0
0
0
0
0
0
0
0
0
0
0
0
0
171
0
0
0
0
0
0
0
171
0
0
0
0
0
0
0
0
0
0
0
0
0
0
0
0
0
0
0
0
0
0
0
0
0
0
0
0
160
0
0
0
0
0
0
0
0
0
0
0
0
0
0
0
0
0
0
0
0
0
0
171
84
84
84
84
84
84
84
171
0
0
0
0
0
0
0
0
0
0
0
0
0
0
0
0
0
0
0
0
0
1
1
0
59
0
0
0
0
0
0
0
0
0
0
0
0
0
0
0
0
0
0
0
0
0
0
0
0
0
171
171
171
83
83
83
171
83
83
171
0
0
0
0
0
0
0
0
0
0
0
0
0
0
0
0
0
0
0
0
156
169
169
169
169
158
0
0
0
0
0
0
0
0
0
0
0
0
0
0
0
0
0
0
0
0
0
0
0
0
171
171
171
171
83
83
171
83
83
171
152
0
0
0
0
0
0
0
0
0
0
169
0
0
0
0
0
0
0
0
0
92
0
0
92
0
0
0
0
0
0
0
0
0
0
0
0
0
0
0
0
0
0
0
0
0
0
0
0
171
171
171
171
171
171
83
171
83
171
171
169
0
0
0
0
0
0
0
0
0
0
171
169
0
0
0
0
160
0
0
0
94
0
0
94
0
0
0
0
0
0
0
0
156
169
169
169
169
169
169
169
158
0
0
0
0
0
0
171
171
171
171
171
171
171
171
171
83
83
171
171
169
0
0
0
0
0
0
164
162
162
171
171
169
0
0
0
0
0
0
0
94
0
0
94
0
0
0
0
0
0
0
0
0
0
171
0
0
1
171
0
0
0
0
0
0
0
171
171
171
84
84
84
84
84
84
171
171
83
84
84
171
169
169
169
169
169
169
171
84
84
171
171
171
169
0
0
0
0
0
0
94
0
0
94
0
0
0
0
0
0
0
0
0
0
171
0
1
1
171
0
0
0
0
0
0
171
171
171
171
83
83
83
83
83
83
171
171
83
83
83
83
83
83
83
171
171
83
83
83
83
171
171
171
171
169
0
0
0
0
0
94
0
0
94
0
0
0
0
0
0
0
0
0
0
171
1
1
1
171
0
0
0
0
0
171
171
171
171
171
83
83
83
83
83
83
171
171
83
