119
0
0
0
0
116
0
153
0
116
0
0
0
0
0
0
0
0
0
0
0
0
0
0
0
0
0
0
0
0
0
0
0
0
0
0
0
0
0
0
0
0
0
0
0
0
0
0
0
0
0
0
0
0
0
0
0
0
114
0
119
0
0
0
0
157
169
169
169
159
0
0
0
0
0
0
0
0
0
0
0
0
0
0
0
0
0
0
0
0
0
0
0
0
0
0
0
0
0
0
0
0
0
0
0
0
0
0
0
0
0
0
0
0
0
0
120
133
133
122
119
0
0
0
0
0
0
0
0
0
0
0
0
0
0
0
0
0
0
0
0
0
0
0
0
0
0
0
0
0
0
0
0
0
0
0
0
0
0
0
0
0
0
0
0
0
0
0
0
0
0
0
0
0
0
0
0
0
0
0
119
0
0
0
0
0
0
0
0
0
0
0
0
0
0
0
0
0
0
0
0
0
0
0
0
0
0
0
0
0
0
0
0
0
0
0
0
0
0
0
0
0
0
0
0
0
0
0
0
0
0
0
133
0
0
0
0
0
0
0
119
0
0
0
0
0
0
0
0
0
0
0
0
0
0
0
0
0
0
0
0
0
0
0
0
0
0
0
0
0
0
0
0
0
0
0
0
0
0
0
0
0
0
0
0
0
0
0
0
0
0
0
119
84
119
84
84
84
119
84
119
0
0
0
0
0
0
0
0
0
0
0
0
0
0
0
0
0
0
0
0
0
1
1
0
59
0
0
0
0
0
0
0
0
0
0
0
0
0
0
0
0
0
0
0
0
0
0
0
0
0
133
119
119
119
83
83
119
83
83
119
0
0
0
0
0
0
0
0
0
0
0
0
0
0
0
0
0
0
0
0
156
169
169
169
169
158
0
0
0
0
0
0
0
0
0
0
0
0
0
0
0
0
0
0
0
0
0
0
0
0
119
119
119
119
83
83
119
83
83
119
152
0
0
0
0
0
0
0
0
0
0
119
0
0
0
0
0
0
0
0
0
92
0
0
92
0
0
0
0
0
0
0
0
0
0
0
0
0
0
0
0
0
0
0
0
0
0
0
0
133
119
119
119
119
119
83
119
83
119
119
119
0
0
0
0
0
0
0
0
0
0
119
119
0
0
0
0
0
0
0
0
94
0
0
94
0
0
0
0
0
0
0
0
120
133
133
133
133
133
133
133
122
0
0
0
0
0
0
133
119
119
119
119
119
119
119
119
83
83
119
84
119
0
0
0
0
0
0
128
126
126
119
119
119
0
0
0
0
0
0
0
94
0
0
94
0
0
0
0
0
0
0
0
0
0
137
0
0
1
137
0
0
0
0
0
0
0
133
119
119
119
119
119
119
119
119
119
119
83
119
83
83
133
133
133
133
133
133
129
84
84
119
119
119
119
0
0
0
0
0
0
94
0
0
94
0
0
0
0
0
0
0
0
0
0
137
0
1
1
137
0
0
0
0
0
0
0
119
119
119
119
119
119
119
119
119
119
119
83
119
83
83
83
83
83
119
119
83
83
83
83
119
119
119
119
119
0
0
0
0
0
94
0
0
94
0
0
0
0
0
0
0
0
0
0
137
1
1
1
137
0
0
0
0
0
0
0
119
119
119
119
119
119
119
119
119
119
119
83
