38
0
38
83
83
83
38
152
0
0
0
0
0
0
0
152
38
38
38
0
0
0
38
0
0
0
0
153
1
0
0
0
0
0
0
0
0
0
0
0
0
0
0
0
0
0
0
137
137
84
137
137
137
137
0
137
137
137
137
137
137
0
38
38
83
38
137
0
0
0
0
0
0
0
0
0
38
38
137
84
84
84
38
0
0
0
0
1
1
0
0
0
0
0
0
0
0
0
0
0
0
0
0
0
0
0
0
0
0
137
0
0
0
0
0
0
0
0
0
0
38
0
137
38
38
38
38
0
0
0
0
0
0
0
0
0
38
38
38
83
83
83
38
0
0
0
22
34
24
0
0
0
0
0
0
0
0
0
0
0
0
0
0
0
0
0
0
0
0
0
0
0
0
137
0
0
0
0
0
0
38
0
0
0
0
0
0
0
0
0
0
0
0
0
0
0
0
137
38
83
83
38
0
0
0
0
0
0
0
0
0
0
0
0
0
0
0
0
0
0
0
0
0
0
0
0
0
0
0
0
0
0
0
137
0
0
0
0
0
0
38
0
0
0
0
0
0
0
38
0
0
0
137
0
0
0
0
38
38
38
83
38
0
0
0
0
0
0
0
0
0
0
0
0
0
0
0
0
0
0
0
0
137
0
0
0
0
0
0
0
0
0
0
137
0
0
0
0
0
0
38
0
0
0
0
0
0
137
38
0
0
0
0
0
0
0
0
137
38
38
83
38
0
0
0
0
0
0
0
0
0
0
149
0
0
0
0
0
0
0
137
137
81
81
0
0
0
0
0
0
0
0
0
0
0
0
0
0
0
0
137
0
38
38
0
0
0
38
38
0
0
81
81
0
0
0
0
38
38
38
137
0
0
0
0
0
0
0
0
0
0
119
119
137
0
0
0
0
0
137
81
81
80
80
81
0
0
0
81
81
81
137
0
0
0
0
0
0
0
0
38
0
0
0
0
0
0
38
38
0
81
80
80
81
0
0
0
38
38
0
0
0
0
0
0
0
0
0
0
0
149
137
0
137
137
0
0
0
0
137
80
80
80
80
80
81
81
81
80
80
80
137
0
0
0
0
0
0
0
0
38
0
0
0
0
0
0
38
38
81
80
80
38
80
81
0
0
38
0
0
0
0
38
38
81
0
0
0
0
0
137
137
81
81
137
119
0
0
137
137
80
80
80
80
80
80
80
80
137
80
80
137
0
0
0
0
0
0
0
114
38
81
81
81
81
81
81
38
137
80
80
80
38
80
80
81
0
0
0
0
0
38
80
80
38
80
81
81
81
81
38
119
80
80
80
119
81
137
137
119
80
80
80
80
80
80
80
80
137
80
80
119
81
81
81
81
81
0
138
149
38
80
80
80
80
80
80
38
38
80
80
80
137
80
80
80
0
0
0
0
38
38
80
80
38
38
80
80
80
137
38
137
80
80
80
80
80
137
155
137
80
80
80
137
80
80
119
80
119
80
80
137
80
80
80
80
80
81
81
81
137
80
80
80
80
80
80
137
38
80
80
80
38
80
80
80
38
81
81
38
38
80
80
80
137
38
137
38
38
38
137
137
80
80
80
80
119
137
119
137
80
137
137
80
137
80
137
80
137
80
80
137
80
80
80
80
80
80
80
80